700058006040010350000000000002000080080000190500700000000007008950000000000006240
030000000005906008700005030090408020001060003400000070000740000003000006000009000
920000000000206043006400900310009000000503009060000700800602400000015020000900000
000000160000000507502800030000080000004300700910040020601430000405000600800020005
900100000017000040000060090890300000000004000620000905000700000000003807080020053
006001800000060925930000060010000500479080003800000000091200000000600051000040206
000254000004000083020010000000009030069001400300000000070090006900500078000008050
000602070004000003000390010005000000000003007018900600002040190800006000000050008
057000001300600000000000080000012396009060000500400020000007000100039040090200037
960000004700400105020000000000000063007806000002710000005003400000005007000020000
