020900460000500009040600315000000040300080102400035000002000601093800000600000500
005000000040013002100000047207001004063000208800000500030082000600049000004000003
000001370608000001009200000000076000701005090406020800502090000800000400007000008
000053600000000010068070000800009002000020000097304000439000060500000090000700100
000005809090048000750000020040010300000080000802600400003050200000030000000002070
701800903000020006050000000090004060800005140400700000000000090623007008000080000
600003009700052004504070000050200000360000100000500080100308706000097000040000000
690020000070005048000060009001200300080000400000600000040109000050006907300050000
300010006004006000080040030790000000400000090000005001002739000010500307000001800
000900050200700000001004003095006000402108000000000600700400000050000280000000934
000007800000602017009003000060700000000010004830000070072000430000005028904000000
000300000790000005014007602000950280800003010001000000930080000020000070000200900
000600000000082300008503900890000020057000000610300800000420008001000497500000006
840000000006020030007005000030000001204010070000036000000700054920000060000103090
080002000403000000050400300300904070001060000700030009800600400000050602100008007
000102608007080020000030700000500007630000900008040000000009410010000006900004000
430000050059001300008007000000000900000210700010000003000800502900102000720090400
030060008006050120000810500420000039059400080000009000002000000090300005000605000
800040020016000000000000405004001009000706800300000000000027000008039000009500060
004000000810007360590004000000000009000200170070090050900036405030080000000000608
000820000000000032000007690100060000005001360730000400508900006910000870000000009
040930002090008000300250070700004008008001005000000060000503190900000050000070003
300000120000005004900076000052400000060900010100007000009000000010000570000020801
200900000000000310860020000100000604043800900000000000708600090600502000020009070
000000001000420053003800200060000000702901000000000087800300075000000000050706040
040093000850000000000070400000600000000820901103000002000007000002050810000180095
005096000036000000100000200000000000009451000400070800590000000070100009000620307
600104000000090020000000000090000601058000000200700039000020054080600000009803070
089000000000901300250000008300000000026000003900025000060500000001009042002400070
056080000008000076100007023400600002000050090060000000820070300000900201000001000
590030608000000900038000000020340017070500000000086200403870000710000080000000003
000000500050370001400900300000020410603080000700000090004000750900000086000805000
800000006003040009600092000100007023064000000020600010000000008900020107000501090
075010004040206000000950003050020100000605007004090000290300010006000000000000090
020600007000902000000070084005000000940050600001080030400200500000001400600000090
500002006070408000610000000000080000901004020400600000300000087000300209059000030
007080200000000706100004000009073020000260900500000040910500000006000000000340009
000000100090100704040050600000700000500030000023040000309010006600000007014008020
002000000060000193503100800007003065000040000000006000070950000900008000040700008
000300900000090080038000200600004000090000014004120008300509170000010002070030000
000120000080500204007800003000040021075080000401000000000930000700000040000060107
007003900069000700401070050500060003000010000000240001000008009805004000000026400
007050040540000092000408013000091000405000000006000050050000900700083000001960000
003002006890000000000940007015020000200060000308000000009130600470000090000000510
000000001400007500080900070060510009010000046000069003045000060100000020200030000
400000000910000320050000401000030000840010000206080000009200080502008030000001006
800000003010000000000702054040000300000290080003071902000680000007030010000000700
070080450003000006014002000000500000930000604000008002007300800000000100001700020
007900000000030500200008000080002010000504200500000004600400920010300050000071000
480000000000050000006908002060000400000009258008030060209600700000100000030200906
090400600050000080000000010580000007007014000030007298000000700308009020060030000
000900140000000000003024000050000000064008300090015200908360004000000010000001002
000600400009003050080100007900000000007800000000420000400208700006000901000040500
004000000080090300200400050900360704002105000000000000301704005700800003006000007
028005710409600000070000000000403008000020000000807000010306070906008300300040000
010900500020000000060003804500100932000060005000005067300050006400082000000000000
100000280000306000093000060300000802050000006400012000000930700008005000940800000
020010000000400000100035004030500080090108006060040000709000520810000073000000400
800200057000060100059100000061000480504000000000000071008005009000000500790030008
005200013060910040800000002070000021500300406900004000080009005700000000000080160
000700029000040600905080031000000104000060000238400006010000000009007008060003040
000230070000000001605000082080002000400769010000300004902007000007010060000005000
900000000004800500503000000005003240010000009020010007006050020001900084000007000
108004000009000800200600940301060700000300400090050010000030020800000000060070005
900020070030000000600800000000200900706005800000000056000000700100093024090410500
000010020000090780470000500106025009000000000508061000080000000000006930030000206
000040500710000400000090207040007060360500002205806009001050000500000000600400800
090000804007010060008030007050001900000020000010609050803000000060095000000704000
000506120200008006000100000009001000417090800800000400000460000000000304608700000
207800490000000005000009008970010030008056010001000800000004007000200050039060000
002000000000307506004260000000000003009070600080001004300800100701004000000005000
050006000000308000107000000060050030000800060490700800009002170002000300043900008
030000710000000903800000000580014000600050002900200400000302005000000000000009804
000735000000009850000800006302000480060050700890000060010500000780020009000300078
080000070000040006000308000470502003000030047690000000809000300000006100060050029
090465000000000050000000301900504000600987000008000000060008012500000409002000083
000007030003000510050209600010600000000490000508000300000100800630000007700000401
800040100000003608203700000000000400700002090410000030000098000025060000009000500
001300080900020600000000020062000700080900304500470000000240000070090500000800003
030049001800000750050000200000005007020300008000010304009003000000800900040602000
009400208703020900600000000006000000000058390075010002300091040000000500400800700
406000000010000800002090030023000000600000002009050600030000900000024000005760003
000008007020000904500090002005010000490080005230000000308605710002000000000009500
020000701007003900000060000500600009070100000080050060030000100005700340900500008
107800900050090000200040608000051000400900000001002003000000590820000000060000070
000500030082300504010007000000000005050708000000000206001060003000400000806072000
000090000000402000001060407830000000064007500000000004003700000290130800407009600
190703000800500030000900147506000800018000090000000400020078000050000002000350000
700000000060090000040020091908710000400000000003008002500340000300000600010000280
009000008000700290007050600020040035000021000470003009680000000500082040000000000
000000030769040002020000000000060070000920108048000003072080004080790000001006000
030048000500702030060005000370804000400050600000300057800000210000000009920000000
000000050005600100003507009000080000008039067090000200010008045830000000004302600
009800104000013000380040000020400700100025008400790000062000000090000060800300050
006400500000000060108029000679000300400000200030000000200070090790080005000006730
500060000900020001000309005000007049006000000040000008007002000060794000000000083
000001008700600900800004030050010480102000000300009005409200000000000260000080043
000409050010000023000000006030001500089000000060000470000200000001745060600908000
000450700050008030000000000000080609000003018000107400070006501001000000430020006
050700100900000007000406500340080000200000600010005093000060070000209030700008000
004080050803100070000000901508072000009000400201000000032045000000000040000801603
048050000600070030000000094700130000090000000003024708020300000186500009000000100
809560000000907060100080000000000000094000830000001540000000000010420300706000910
084001000600730050002400000800006090000000006000920000350100040010060007000074001
430700090080000006000030040000800003040000200008602005602500000000400500000007100
000002000002040861005090200070050000000804007019000030000006050003070004700100000
000005800600970000000060007002300001750100000000000080060804500380010020090000410
530070010000008200190000300300000004000750000000024900000007000705090086004000500
714000500805060702000000010000000007032000000000380000200905000300100004009008170
706010300000000200405706000030002100000071680980000020000000009300040000070500000
000608002100340070000000030004000500000000080700002401002804003803060100000010000
760000004000031060000000820900000000458000000030026000000089000500010600019003005
601000080920000300000000000105004700090000400308000000806070030000005010700980050
000390140904080000010005000850002000000000009109500007300050060000078030020000000
140002096000008100005000800000090000900100000600030002000700000300021000001300605
050800000301009000402000300000005670900700000100000004200948001000002090010060000
010000000000002600030810200050000002040006000003489000100900470280001500000040000
009010400000000003600500000090000030036070000050600200000239510020400060000006070
596000204003090000000000500030200000000000340000009710000060070600907000400018905
000231040000000000500608902700016200000040000080000100802009006004000000906000007
000902100009800000400503000960000000207004009010030070000050000030000800806000007
600000910009014065740000800050800040000000000080035000003400050000051002000090030
000310000000090600000040005006000507000079080008000090403081000900030054700600003
000040008834060097020700000040500800000000060200000100000000200309026000500008070
000000008060300020000078604000500270007400009100000000090080000020915000608000000
703090040000602000600003002947006000000004960000000080001059000400001700580000021
180039200006500000300207001002000745000900000000005003908070100207600000000000000
007089400200000090040200006700000800004507200010600004850000003100000000070000500
300104008000000700009060000001023600400009000760000000000018000010300004824000000
000007006500006300030100800000005703950020140120040000000080000004000050700000000
001000009000860200092005000000701050000000028060000000020376100080200070010000000
040000500003009706200004093506001030409000001000000859000450000000023000030007000
000000200050690000890000050002800410400107020003006800005070000070200000300000600
000080060030509001000030000000000610000062090020040000850600203000800040170005000
009000170050040036200000000000000089300100050090780200700600000800000000023007004
050900001700000900010000030506809140030000060009003000000508400001400007000301002
000247000000009076004000100000000000062070003007008540506000034030000250000100008
207300000000000079050900000010203000000008057400005000029610030000000090006080500
000501000008030060270004003000006570024000000000009000040800900501000030900000410
000700020430006000580000030001020070000190000840003000100000500000400000079000100
000021400020004000071005200015900000040000087706000050003000000000050009000406008
041000000000000030780950000000090070006003000000000204050700081000000750009810043
000000000800759130503000002900063000007804200600002000280000090050000860000030000
275000008000050900040000000802300004900007600450600000000008001000000327000260000
100005000000720040060800007080000030002000005506070090000540170004000300820000064
000304009000000704630002001005030080208007000070000000450090000000560000100000003
000000040009060200280040016000030400008000900040027300010600007300005000000090000
000000003045013000000007600070930006010000090430058000900000061007000005300195200
800000007400000020020070890600002340000830001100000006007000000050400060300005000
300900100160780004000000007040803900070009460096000000000000040030000000000042001
300078000600200009080009105003000807014080020000090000000001400005000000060030700
720045000000000003039008007086070020000000950900000006000000479000100005000860000
003600000060025000795800000210700039300002501000000000030000020400000005000060090
000000000001528000900004850700003580000200000090000030300910006010080000002700000
000900027001600008000005000002890601003000005087502900005000000820000490040000000
001325009000000000005109040000000030432801600900006800070000060000003004200000301
000000000000000009700683002270068900004200000600009030900570081050000300008020007
000400001000000609007000000020070000040603200601804000480706002003008060010200940
270409000000703000060080000402300070003100580000000600000000107050000000000940205
000000050000240036409570000900000203001000000003600045000007000005900400200430080
000250100400000608000010000500600400002000003000078900690000200008300007050007000
004095000000400001000100056050000120000870000009000004007580009800020000002006080
000000090050680000008015007060209000000000406000103080086000040500000070001806003
290000008006001000700040000500034000000600314000000006080010620400700900050200040
207000010058090000300000400005806000000710020090005004000600800000250006500007000
549010000000000500602070900200000080460200000005800600930700002000300050007000809
092000000480000030000070020050900800700008000030600000000100060010000003078250001
000080040000320000009501070800000500400006009060042000070000001000000200690030050
700000000000200008500030000600000009003100402000076510107000020300000600409001070
000000000038500060060408209600200500380000040040000600000610000050007802100080000
001200300060700009005000016000041000000306000459000000390000000010000074008000560
000001302080000005000000784260700800410900000000603040000008070000506000905070000
103004000080103000000700800010000008000562000700000200800000120040056900092000600
250400000701000000000560000000020003013850900000100000007000080000003520040710060
901006042047001000000200000600005000400000000580060073000000018000010307000089050
200700610006001050000060000050070090608030002904000000080000700010800430000400001
000100600010003042047000000670000089009004000004200700920800070000000008000001050
904000000602000080030000610000000070000002043000894006000601050000009100001740000
000040010047080000030602000001900087002000003000005000028000070000030205005000400
010068000000400859700500000000006907006007000400200000603000000000000210008903400
000050091800900000900010450030095800000100000060040002000603000380000000000000049
000000006034010070026000800000900000000005002270000145940700030107009060000100000
030200700000007400007130520000310600012000000003009005000000008400080000800000270
000005600020060090130000000000500908300409020460000000000000000001900750700000002
006078920000060050030000700008902070050400600090000001200050007000800036000090000
045000800620400100308009000000090062800300000000070000030500001204060500000010003
000000090000504000098602000300050109009000070025800030000000985070000000002030007
950017000000090405400300070060000200008000000300000700081070000040009010000100804
000030080002000000000608009100004500009000410060000000970001050300045860050063000
001000000002000300080000017090203000037805040000710000009050200040008006020360470
000000920000001005007600000000050000000080397602000000170002000000400800209300070
000006300907040000250000000409008003000000800000004150008000600010092007700105000
009526000080000092010008000006000000040000056000000800100080407000300560000604038
003068000000000000705000200000020005047830000000004900060050002400010500029000040
003000108000000200005100070730090000000570090200006000000000900008930502002080060
000000000509708600001060009000800000030040160000000003023090401800170030005000000
001000800007800062350000001003400090009020000000001008590070203000200000800053900
000006080200900104007040000360000000400008005010000200050000042000109000090020610
000056347080000000000040600309400000000700050007009004060020590000000060002001000
000180920000200305000004000130000000008060109050800070301906008000003000096000000
000030005070000000400500001030000002009000500050089000000600070020700803000100090
000080700300250008100000000060020000809000007004005013005702090740030000000000800
260000100000000090081000300008009010000030004700800950000104000030096007046000000
680000003020000001700100000006405007050000000000903060200080900007060042400000075
000000002007006000028700690002000001570018000000300560090020100000507083000000009
000009000403500600070020500500080410000003060004070003600000180000640000002000030
570030000003108000004005030000500070050804390000010008900020001100400000205000000
600001700000000045742900008001000000900000050020040060000750001006082500017000000
000000009800600710000001506006502004003004000004700060000170005070000180200000000
000000300004100700030700090000000800285060000000009020790300002300908670000010000
000000026000760000000000005500900000070050400003200100200003009300690701409107000
600000004802000150000000200305060002010200005400019080100000090063000007500480000
000070023400100000900020700000002089006804000030610000100008000000300400040000007
000000500000024060050000930070000000090060307006100050900000000000803001200410080
200800001000010843006000002300007028007003000000600070000000000080700604002051000
091005300000001000002000080000009702000030000000806930950100020008000009106003540
000002600000800300080974000000090810000300000706080003800000050900000284502600000
000070004006000000100003006060900001000100300009020850300052070080000040050001000
950700002803010007060008004000000500091000600040807009600100000000000080002004000
000000000600903000031005002020040800004007000800150004070010000500000047400200960
070000063000001045000020009060000700089000000000900000900510400400032007001400052
000000000000000765500004800030087000002009003000600100070005620023700050006208000
007002000009060001601000809400000003013000000700006000008705020000000000090803005
307006040008003009000001000000400002050039080000000370000600028900002000041500000
004080300200070000600000008920000003007500600100097400000000030090006140806400000
600080000090000000000000418000600000705004803048030005370000600000003009000402070
003100000000608000190000200509000400004203001800000000000807020040000937005000000
000091680000078900000500004000000000100700000206300508009205000081000300020000050
060005002400000000000000098010783000000000000809000040300608900580070100007400200
306005009000800000000007400029050000001094200005070000000000095000003700090000180
050700090400301500082065003560100000048000006300000000000038600000000007000000120
085200001000700000003000506006800000910500020300000000460090008000610005000080010
000000005000008009070200060067500100009060203080034007500710008010000000900300000
010080500270600000000905010000000000000001002840000300000009050402000009300400780
082014600000020000700960302000000000006009000000030486950040003300050060000100007
030068000500000000002900457080006020000000090001700000004000000000104006000095070
000710400000000300200000000061204080090300002002000000080000710704600090005170006
000000057400000800080000003090010074010620000020034090900006400000003000050001086
000050890800060004057000000000000000000001926094730000010300700035000002702000010
500207060000100000007456000609000280000093004000600000205008000700900100090000408
500800000016000040300400500000057002600020000005000300740380001002000009000002000
000350090000001020960700000070000300080030000005004000000210008000007006012800705
000000000830050600200081000000004005000239700600000208060010004140000507070900000
800090400023000090000000080010200007000480005002070900000000072087130060060005000
000150600000000000001002700003400800000260093800010204906500000000800030007000960
000100703500000000400006000001070204080203067000000500000000000000025048000708605
000079005000000004170400020000020070000030690900100042405003000620000800001500000
500001200000403000040000000002050009903000062000000400007020000008036010000000900
000020060005080023040000050000001000034000005007009801600150309000000000020894000
006903000000800106000200000004032000000000830710408060209000500000000070400000310
