098106070000740800000089400000560010000007200705400000100000000046000000200004390
000000001600007020020400035100700090900008300000020004000140000001082060003000000
810900050000680070000000100140200000007009400090507603004050000700060001060008000
802096040400000000010000329028004560000000000005000201000005000006800700000043600
007600809403100000000000040380000200001006050002040000000080500108400007000075000
060004003000106070000070008408090037000000900050010000930008010002001000006050402
000050600800030007400000090000002860600005109900086500108000003007000010050040000
007000500000003009342000000500000000020700000000061800190006000000050063000907420
000709005070000000012000800400307000000600090000000040040000510650810700700030000
900010307016050900300040000008000002502030000000406080000000700630500000000300040
