450060000700002500000000007020650970040800010960000000090000001100004020006039000
409102000080003000000040009000008001030900204061000005000004000200000060000500410
000005001070000904002000600013070090905000010006800000000053007200000000000480023
000100300000000100030000040003046090200300001070500403548090000000001700700400500
510040003008050000700100200000081000800000602005400700640000000001009800000000007
100000200030850940000000006010304050850900000007000090000630084000002007006500000
000060009900302040010000008807000000050000600000030100500000000600857320000100090
000070042000800090006050700000015000300000000901042300054006000007000900008000460
002006000910004070700590008300940000020000000006008700050809600200000000031000200
609800000008014005001005700740000000000607300006042070000008009960000400000000030
020080007000000603109000000050000008070103000004000030903800500007000000005006890
795001200000020040000300700000005070008032006003060090500043000000000980007000004
000080024008507090009004001001000002040000000080300400700430050030000900106000000
503000006060000000207030004600007908005100300040000567070061000000870000000005800
503049000200000001009300000050704298000001050000200070000005809000007010008010025
008002000500300000000000010680000005705900032230010809000000400000850006306000200
000003040205600100010000902450000007109704020000000009007040060000860050600502000
000000920000006080000000004430008060001400000802090005003000210040007030060301000
700080120010000080050000009060410000070000000002076000000090060193005200000100070
500360007400900000079002013080104079040005000002000000200000001051600000900000300
000400002087010000090000008004000203020700809600200100000003001500600090800090006
030705000805904000006000000020000450507020069000000700000070003000680020400100000
900200700000604005100000900005007000080300200004001008300000000000005010002000060
300000070067000005500020100000703506002005730000200014070800000010500000006040050
007005001000070300940000020000900008379000000500000010003600100605030009800001030
020400100000000005005090300061700500490005603000800004010084030006000000900100400
000000007040050900000060000400000082700000000020000153030005610100870000058900000
000702000000001000000680702070069000004000300030807100700000200061200040042073006
037080010040000000000702300000150006000000091180400250070008960003000000010600020
310006000000208000000170026040630900061090000000800000070000090005000830138000040
000000070000005410710000020409000800030004000005067003004030006000710080020000000
002700000003010450015060078000006010000800007401005003004000060020090005007000009
200004000930000000000600000060020050000080307005000890400037000000001074700000010
416000000030080000500000170000020603000008400840007500000070006067000805100003000
280000000600000000000450090500904100302100900000006003000600500000009201017500036
000008000000004006049020800007260400900700100030000000501090043000000250024050610
000000030204000060000002015000050000390700006410300050050600020906430000007000000
008600020200300870073000000000700950506080000090000000000501009000900006007040001
000070000000000983580400020700004805460000000090700300006008400300600001050340000
400100003200063000800200500020000104000030600009000080000800706006001050100000040
050006800060009023000300009087060000000517000000000400700051000300700200800002060
008950600000000004010007000000001000063090000000230560032008900080010056000000007
000048079000090104000000080900000820050000300087500000205030000000600000048010090
010000700009120000000400020060000080070090050004030000608900005700054002000600030
000000006004007030030004089003400610008030070600000900000008520270090000500000007
040000030000010002510004006000000000032800090800900003607059001000000020005300070
000004010000080000047009602001700000000006025702008000403091570000000000010830004
700020000005080100006010370000900000097000008200470006000100007800000000350040000
402000000070080000500100040000000002208030000000710508000407309900003160004000007
503000100204060070000070900000700000100004700000210063000300005800000009030025000
008200000040006758000000004090820001500007200002060040803000000060000005950000180
000005037000000000900010000000400000700008050100070980040050800386004200090200600
200804000008010002009700000000080900060079028000000003000042580100000040030000007
000600000200403950601050070000000004080005020000000509000009001106300000000040038
000009028010000060000031900005000009170000500208007010000500000000010432032700000
500720000600500090000009200050800007007004100001000020800900000020307608006000900
060002804400090003000730000000070000900040010740000005000000000010006087854900100
009000000080006000060500480000010728000900004000058001010002000000000600500040109
003100400500200900012400000700000650000008000060010309040059000000000003001070000
900781000400000900007000060005020000060007409309600800000200000000019008000060300
032009000005007000090010003001080904080000076000600030200941000000000060019700000
020100009000007040609000070000900400000600000860013000074009650280004030000080000
002008400000140000006000003400000305003000000590007000079610000030079018001300700
100000470002004010903050020000000009009002050700905000050076000000000000000039206
900005060060070200000200800400000132090000000070001400000500000700930004026010000
060400000000000208300500001006200000287000400000008003000050000020800605705040300
030000000906058700000040080000902301000000840503000070350200006000000000010000400
000036100089002000040700200000100000001800700000043850000070000406005000002301007
008010030200008060060045009800609104000000000904000070180000500005070000007001000
030701900701950680000000050004000500016000000520836000150000090200300800003000002
000000408040000370000900050000802004001304090030005200000008000009500001003100080
040002001803000400910000070000500062500060900090401000030000090609700000100300706
009300000062040080500008006000000102050897300000160500800000005000600030000000700
090000703005000080006014000010000000000020500070060800960300000200400090080001302
200030000000090005917002000305009000000003700009600080000071800080050020702000004
400700020810000000000056070702010050004000800000200000000034500030000901000905000
070030000000009060002750900003090850000000470800000006906080000000000280300010009
000200000620007803030000040700010000006008300003400017007800020000025070000040008
090100000005040007700003000030059000008000200200706000360000010000090002010500000
300000069100000480400000100003090004090600000040000023000820000800000300920054001
820003060090007300030040000400000003009570100000000008000000000007100802201080050
904060102180000060060003000070000010000002000600009070700900000002301008800000004
360007000000000900080060001000006030820900004000548700003000000047000000000005072
820000000906800005047000000000500002000060430200000100600270000003000207000034600
001000090004003050050804703005070920800309000900040008000000400060200500008060000
000400601048900000603080900260500000000263000000008007809000070000002508000000090
600700008800009200000084170730400680080050700000000000004070090007000510060000020
000000000003465002014002009000000030009604000200090005060050870020300600900000004
060000120840052000002000508000900000030005090205104070600009000000046007000000001
000203000920000006600400000090000010080002400000081930000030100360508200005004000
500390720000001000000400009600034510000000600800900000004000187050009040007000006
003000600190000400000093070736004000000000000000008703807010000010050020520000008
030006704908000300000000020000090000680003070300000080002608000000905006004700002
000000012008001000200400000009000705500208000830040600000900500004010030060005000
010800500400070000002900000008052070701003400000000620904000850000204000000000030
508007000000000400010302000905000007400000010080040600000780000000000504007503001
300605090060730400001000002000003009710900006004000005000000120920070000007000000
015006080007003001008000390400700000072600008000000000001000000090400650060807009
083700000000060000000309004007020050004080001601000003352000000040900030000004070
002800309000000000009107006080604050006000802007002030700000200000510000905000010
